1
337	670
0.0	0.0	0.0
0.0	0.0	1.0
0.5	0.0	1.0
0.5	0.0	0.0
0.0	1.0	0.0
0.0	1.0	1.0
0.5	1.0	1.0
0.5	1.0	0.0
0.0	0.0	0.1249999999997732
0.0	0.0	0.2499999999994112
0.0	0.0	0.3749999999990465
0.0	0.0	0.4999999999986927
0.0	0.0	0.624999999999011
0.0	0.0	0.7499999999993407
0.0	0.0	0.8749999999996704
0.1249999999997056	0.0	1.0
0.2499999999993463	0.0	1.0
0.3749999999996704	0.0	1.0
0.5	0.0	0.8749999999995015
0.5	0.0	0.7500000000003476
0.5	0.0	0.6250000000012154
0.5	0.0	0.5000000000020615
0.5	0.0	0.3750000000015626
0.5	0.0	0.2500000000010417
0.5	0.0	0.1250000000005209
0.3750000000001738	0.0	0.0
0.2500000000010307	0.0	0.0
0.1250000000005209	0.0	0.0
0.0	1.0	0.1249999999997732
0.0	1.0	0.2499999999994112
0.0	1.0	0.3749999999990465
0.0	1.0	0.4999999999986927
0.0	1.0	0.624999999999011
0.0	1.0	0.7499999999993407
0.0	1.0	0.8749999999996704
0.1249999999997056	1.0	1.0
0.2499999999993463	1.0	1.0
0.3749999999996704	1.0	1.0
0.5	1.0	0.8749999999995015
0.5	1.0	0.7500000000003476
0.5	1.0	0.6250000000012154
0.5	1.0	0.5000000000020615
0.5	1.0	0.3750000000015626
0.5	1.0	0.2500000000010417
0.5	1.0	0.1250000000005209
0.3750000000001738	1.0	0.0
0.2500000000010307	1.0	0.0
0.1250000000005209	1.0	0.0
0.0	0.1249999999997732	0.0
0.0	0.2499999999994112	0.0
0.0	0.3749999999990465	0.0
0.0	0.4999999999986927	0.0
0.0	0.624999999999011	0.0
0.0	0.7499999999993407	0.0
0.0	0.8749999999996704	0.0
0.0	0.1249999999997732	1.0
0.0	0.2499999999994112	1.0
0.0	0.3749999999990465	1.0
0.0	0.4999999999986927	1.0
0.0	0.624999999999011	1.0
0.0	0.7499999999993407	1.0
0.0	0.8749999999996704	1.0
0.5	0.1249999999997732	1.0
0.5	0.2499999999994112	1.0
0.5	0.3749999999990465	1.0
0.5	0.4999999999986927	1.0
0.5	0.624999999999011	1.0
0.5	0.7499999999993407	1.0
0.5	0.8749999999996704	1.0
0.5	0.1249999999997732	0.0
0.5	0.2499999999994112	0.0
0.5	0.3749999999990465	0.0
0.5	0.4999999999986927	0.0
0.5	0.624999999999011	0.0
0.5	0.7499999999993407	0.0
0.5	0.8749999999996704	0.0
0.3874424230244282	0.0	0.6879859346131602
0.3917468245269385	0.0	0.4375000000016365
0.108253175472739	0.0	0.3124999999992288
0.1104767907802638	0.0	0.5495034007864623
0.3941534943676811	0.0	0.1880296711609176
0.1058465056321822	0.0	0.8119703288394107
0.3204049132914262	0.0	0.9011617204021374
0.1795950867088213	0.0	0.098838279597838
0.3921479361669236	0.0	0.3125882785281645
0.2888568906084722	0.0	0.3750147130896808
0.2855166394278844	0.0	0.497289094523428
0.1752404735809824	0.0	0.4375000000021429
0.2980878577804649	0.0	0.2493377043688435
0.1082531754732787	0.0	0.6874999999992824
0.2028728677521018	0.0	0.7506794609007599
0.2024306704562214	0.0	0.6333638102810373
0.3946405315505427	0.0	0.556458537272301
0.4027268679816424	0.0	0.8199103159451206
0.09655573176801091	0.0	0.1801706731567673
0.3035071324072291	0.0	0.1118491644533768
0.1965628913197734	0.0	0.8881520866595964
0.2791806972154096	0.0	0.6919651983778352
0.07647483778489925	0.0	0.4374999999988696
0.2120651139228778	0.0	0.3146474036946574
0.408493649053709	0.0	0.9084936490536635
0.4084936490535773	0.0	0.09150635094660889
0.0915063509465559	0.0	0.09150635094635556
0.09150635094628985	0.0	0.9084936490535431
0.1999010530413667	0.0	0.2052734479857873
0.300020222520291	0.0	0.7968205916019144
0.2969510646885307	0.0	0.5956725561948821
0.2031529418856968	0.0	0.5371732103368083
0.0	0.5670536380046087	0.8943758686552945
0.0	0.5624999999988518	0.1082531754730394
0.0	0.1124243810245421	0.5714876988465326
0.0	0.8808310019958672	0.5741214795607947
0.0	0.112037015619272	0.3016592931610405
0.0	0.8959570073500618	0.3197922505577883
0.0	0.3128108659840297	0.8955068139137721
0.0	0.3124999999992842	0.1082531754728282
0.0	0.8076656081751146	0.8945379619478856
0.0	0.120769536763528	0.813090642376082
0.0	0.8119703288394229	0.1058465056321634
0.0	0.6874117214724684	0.1078520638329271
0.0	0.6236899155261182	0.2156916159880773
0.0	0.4997816525869273	0.2163705617862025
0.0	0.5609498899663387	0.3238532227145602
0.0	0.4372052570918011	0.3245858442746743
0.0	0.49969252450903	0.4328327042500744
0.0	0.6162104309147753	0.4337567545930024
0.0	0.5593815006335847	0.5422849894666124
0.0	0.4369290041899559	0.5414057297743196
0.0	0.4993850841365262	0.6426639661559268
0.0	0.6276311351227919	0.6463285523418856
0.0	0.3748023480540149	0.6483998471250553
0.0	0.3157952145740176	0.5391261956275301
0.0	0.4374999999990491	0.7577722283096371
0.0	0.2332538498070924	0.6405275871648053
0.0	0.7505502180075261	0.2051526528524255
0.0	0.1103830098873939	0.6904888009980186
0.0	0.3749563698701903	0.2164800353587819
0.0	0.3160693983617056	0.3268195465292577
0.0	0.6874999999992156	0.8917468245266825
0.0	0.7537479060341656	0.7865878827521369
0.0	0.8855247200895949	0.7967657096188994
0.0	0.8170240472073322	0.6845448607410298
0.0	0.6343680478893469	0.7749720748802604
0.0	0.1273937278648768	0.4354123541366469
0.0	0.4398459425664173	0.8866050300249827
0.0	0.8906292179090657	0.4406522883524269
0.0	0.7834936490542321	0.4999999999989449
0.0	0.7952549537499449	0.3843067512267823
0.0	0.2310045288704008	0.2274878048597269
0.0	0.1866262784732894	0.1058176347971227
0.0	0.4374563370754987	0.108226158015142
0.0	0.3749999999993984	0.4330127018913694
0.0	0.2585921732017576	0.4335162638741182
0.0	0.3124999999994057	0.7577722283095741
0.0	0.1918537211810209	0.9070743513264233
0.0	0.8856109484396917	0.1966413099095797
0.0	0.1038676364273152	0.1864502994601513
0.0	0.695482497809001	0.326840676787839
0.0	0.6775056216160694	0.5255800299582942
0.0	0.2055883939701014	0.7454468522927225
0.0	0.2090770309821333	0.5255549114488995
0.0	0.9166759538585588	0.6860864099838151
0.0	0.2090866243337802	0.3427906503125625
0.0	0.7189163598558483	0.6972086508131028
0.0	0.5279873263605452	0.8039633961756577
0.0	0.09150635094629671	0.9084936490535541
0.0	0.9084936490535542	0.09150635094629654
0.0	0.09150635094593877	0.09150635094593877
0.0	0.9084936490536488	0.9084936490536488
0.0	0.7540175483468565	0.6014818206493495
0.0	0.7165063509454275	0.4374999999991191
0.0	0.3686845263394476	0.8247185888446038
0.0	0.5502673705008129	0.7223808150408089
0.0	0.2510355733930868	0.8253550026151322
0.0	0.8052157255528772	0.2876237401409069
0.391746824527261	0.3124999999992288	1.0
0.3917468245269606	0.5624999999988518	1.0
0.1082531754728408	0.4374999999988965	1.0
0.102316632530284	0.6804156785873245	1.0
0.3076656081752543	0.894537961948085	1.0
0.1058465056316792	0.1880296711597031	1.0
0.3204049132913607	0.0988382795978682	1.0
0.1877360370596645	0.8943230240947262	1.0
0.2469258655412699	0.7945981967009401	1.0
0.3845501428764332	0.7979100401831004	1.0
0.3067607882128057	0.6775841068209039	1.0
0.105678205107362	0.5613192797635527	1.0
0.2088374798569323	0.5008063548263575	1.0
0.2099318161495282	0.3751343924702438	1.0
0.3247595264185403	0.4374999999986193	1.0
0.1067563080332205	0.3126106772711187	1.0
0.2015276340457712	0.2493613840553483	1.0
0.4034442682320421	0.1801706731567887	1.0
0.1964648422157708	0.1118508903778972	1.0
0.117489182722353	0.802350626167754	1.0
0.2013945080314591	0.6170446839893258	1.0
0.4166115511232398	0.6825988294002414	1.0
0.2878811751500963	0.5617818348618663	1.0
0.2877069144461185	0.314667883559932	1.0
0.4235251622148318	0.4374999999988697	1.0
0.4084936490535855	0.09150635094626534	1.0
0.4084936490536801	0.9084936490536802	1.0
0.09150635094588741	0.09150635094590549	1.0
0.09150635094587027	0.9084936490539626	1.0
0.3000915333581194	0.2061138508397521	1.0
0.1939393929793829	0.7136238347383141	1.0
0.5	0.894375868655086	0.4329463619958044
0.5	0.1082531754729179	0.4375000000015332
0.5	0.571487698846054	0.8875756189756092
0.5	0.5741214795607102	0.119168998004383
0.5	0.1082531754726617	0.6875000000006011
0.5	0.8955068139140753	0.687189134016003
0.5	0.3197922505576257	0.1040429926499073
0.5	0.301659293160697	0.8879629843806891
0.5	0.8945379619477741	0.1923343918252038
0.5	0.8130906423761161	0.8792304632365157
0.5	0.1058465056323024	0.1880296711609376
0.5	0.1078520638329425	0.3125882785282355
0.5	0.2156916159879368	0.3763100844746096
0.5	0.2163705617858266	0.5002183474134949
0.5	0.3238532227140545	0.4390501100342684
0.5	0.3245858442739504	0.5627947429086161
0.5	0.4328327042491723	0.5003074754916487
0.5	0.4337567545923268	0.383789569085849
0.5	0.5422849894654955	0.4406184993672195
0.5	0.5414057297730945	0.5630709958106961
0.5	0.6426639661546197	0.5006149158643687
0.5	0.6463285523409318	0.3723688648781147
0.5	0.648399847123551	0.6251976519466464
0.5	0.5391261956262033	0.6842047854264401
0.5	0.7577722283079495	0.562500000001865
0.5	0.6405275871638941	0.7667461501933093
0.5	0.2051526528523045	0.2494497819928434
0.5	0.8917468245265333	0.3125000000012341
0.5	0.7865878827518458	0.246252093966229
0.5	0.7967657096187415	0.1144752799106367
0.5	0.6845448607408022	0.1829759527931888
0.5	0.77497207487972	0.3656319521113494
0.5	0.6904888009978722	0.8896169901127362
0.5	0.2164800353582474	0.6250436301299697
0.5	0.3268195465283675	0.6839306016384717
0.5	0.886605030024842	0.5601540574339758
0.5	0.4406522883523321	0.1093707820909126
0.5	0.499999999998945	0.2165063509456713
0.5	0.3843067512265817	0.204745046250173
0.5	0.435412354136021	0.8726062721352169
0.5	0.1082261580149423	0.5625436629248126
0.5	0.2274878048591829	0.7689954711295537
0.5	0.105817634796763	0.8133737215264445
0.5	0.7577722283077662	0.6875000000012509
0.5	0.4330127018902896	0.6250000000010248
0.5	0.4335162638730714	0.7414078267985001
0.5	0.9070743513264905	0.8081462788187956
0.5	0.1864502994599095	0.8961323635725842
0.5	0.1966413099094998	0.1143890515604102
0.5	0.3268406767874762	0.3045175021914229
0.5	0.5255800299577877	0.3224943783845682
0.5	0.7454468522921446	0.7944116060301174
0.5	0.5255549114478966	0.7909229690181839
0.5	0.6860864099837212	0.0833240461416417
0.5	0.3427906503117716	0.7909133756662735
0.5	0.8039633961749467	0.4720126736401245
0.5	0.6972086508126907	0.2810836401448817
0.5	0.09150635094584145	0.908493649053964
0.5	0.9084936490536776	0.9084936490536318
0.5	0.09150635094641765	0.09150635094661799
0.5	0.9084936490535275	0.09150635094652358
0.5	0.6014818206490755	0.245982451653818
0.5	0.8247185888439466	0.6313154736608839
0.5	0.4374999999988745	0.283493649055028
0.5	0.7223808150397706	0.4497326295000922
0.5	0.8253550026150741	0.7489644266067749
0.5	0.2876237401402548	0.194784274447189
0.1023166325302679	0.3195843214106644	0.0
0.1082531754730394	0.5624999999988518	0.0
0.3846839867109718	0.426516278510507	0.0
0.3976833674697007	0.680415678587349	0.0
0.1923343918249383	0.8945379619482097	0.0
0.3076656081763919	0.1054620380513241	0.0
0.3122639629403485	0.894323024094841	0.0
0.2530741344588454	0.7945981967011437	0.0
0.1154498571236755	0.7979100401832013	0.0
0.1932392117872833	0.6775841068210785	0.0
0.1877360370611273	0.1056769759046468	0.0
0.2469258655419687	0.2054018032976537	0.0
0.3845501428770587	0.2020899598158116	0.0
0.3077361438196501	0.3207815340793625	0.0
0.3917468245270575	0.5624999999988518	0.0
0.2905799906466582	0.5083224996962605	0.0
0.1017775495552221	0.434767294664808	0.0
0.1174891827227065	0.197649373831149	0.0
0.3825108172776542	0.8023506261678207	0.0
0.2069930716957313	0.3749999999988985	0.0
0.2980792419915447	0.6184941615069081	0.0
0.08338844887679964	0.6825988294002967	0.0
0.4162658773658106	0.3124999999992288	0.0
0.2166508075061639	0.5686840429211586	0.0
0.091506350946844	0.09150635094664367	0.0
0.09150635094646144	0.9084936490535899	0.0
0.4084936490542588	0.09150635094572702	0.0
0.408493649054128	0.9084936490539932	0.0
0.1954634844235517	0.4765633337193599	0.0
0.1939393929787376	0.2863761652592501	0.0
0.3060606070205576	0.7136238347384073	0.0
0.2845212715646553	0.4147109486860401	0.0
0.3874424230244282	1.0	0.6879859346131602
0.3917468245269385	1.0	0.4375000000016365
0.108253175472739	1.0	0.3124999999992288
0.1104767907802638	1.0	0.5495034007864623
0.3941534943676811	1.0	0.1880296711609176
0.1058465056321822	1.0	0.8119703288394109
0.3204049132914262	1.0	0.9011617204021374
0.1795950867088213	1.0	0.098838279597838
0.3921479361669236	1.0	0.3125882785281645
0.2888568906084722	1.0	0.3750147130896808
0.2855166394278844	1.0	0.497289094523428
0.1752404735809824	1.0	0.4375000000021429
0.2980878577804649	1.0	0.2493377043688435
0.108253175473279	1.0	0.6874999999992826
0.2028728677521019	1.0	0.7506794609007601
0.2024306704562215	1.0	0.6333638102810374
0.3946405315505428	1.0	0.556458537272301
0.4027268679816423	1.0	0.8199103159451206
0.09655573176801091	1.0	0.1801706731567673
0.3035071324072291	1.0	0.1118491644533768
0.1965628913197734	1.0	0.8881520866595967
0.2791806972154096	1.0	0.6919651983778353
0.07647483778489925	1.0	0.4374999999988696
0.2120651139228778	1.0	0.3146474036946574
0.408493649053709	1.0	0.9084936490536635
0.4084936490535773	1.0	0.09150635094660889
0.0915063509465559	1.0	0.09150635094635556
0.09150635094628991	1.0	0.908493649053543
0.1999010530413667	1.0	0.2052734479857873
0.3000202225202909	1.0	0.7968205916019147
0.2969510646885307	1.0	0.5956725561948821
0.2031529418856968	1.0	0.5371732103368083
10	113	157
9	157	168
9	10	157
1	9	168
49	1	168
150	49	168
50	49	150
116	50	150
149	116	150
157	150	168
149	150	157
113	149	157
51	50	116
51	116	151
52	51	151
110	52	151
122	110	151
137	122	151
116	137	151
137	116	149
153	138	163
138	149	163
138	137	149
124	138	152
124	137	138
124	122	137
123	122	124
123	124	125
128	125	152
125	124	152
152	138	153
132	152	153
132	153	161
113	144	163
149	113	163
10	11	113
113	11	144
11	12	144
144	153	163
153	144	161
80	99	88
12	99	80
11	99	12
88	99	79
79	99	11
10	79	11
79	105	100
100	105	89
79	100	88
88	100	86
87	88	86
87	108	88
293	290	302
274	290	293
293	302	305
290	275	302
52	275	290
51	52	290
274	51	290
50	51	274
50	274	291
291	274	303
274	293	303
293	287	303
287	285	303
285	291	303
285	284	291
291	284	298
279	284	285
49	50	291
49	291	298
1	49	298
95	103	84
28	103	1
28	1	298
1	103	9
9	95	10
10	95	79
9	103	95
84	105	95
95	105	79
96	105	84
27	96	84
84	103	28
279	27	284
284	28	298
27	84	28
27	28	284
26	96	27
26	27	279
26	102	96
26	279	300
4	102	26
4	26	300
25	4	266
25	102	4
4	70	266
70	4	300
286	70	300
70	255	266
70	71	255
71	70	286
286	285	287
279	286	300
279	285	286
233	255	273
233	217	255
255	217	266
217	25	266
24	25	217
24	81	25
81	102	25
85	89	81
96	102	81
89	96	81
89	105	96
86	100	89
86	89	85
78	86	85
78	87	86
78	93	87
22	93	78
78	85	23
208	23	218
22	23	208
22	78	23
208	219	220
208	218	219
219	218	233
219	233	256
218	217	233
24	217	218
24	85	81
23	85	24
23	24	218
244	257	270
257	224	270
224	256	270
256	245	270
221	219	256
224	221	256
220	219	221
223	221	224
223	224	225
243	244	245
245	244	270
213	243	245
213	245	273
245	256	273
256	233	273
255	213	273
287	276	296
287	293	305
286	287	296
71	286	296
71	213	255
72	71	296
71	72	213
276	72	296
213	72	243
73	72	276
72	73	243
73	276	288
288	276	289
289	276	305
276	287	305
302	289	305
294	289	297
277	288	294
288	289	294
73	210	243
74	73	288
73	74	210
277	74	288
210	74	260
75	74	277
74	75	260
75	236	260
75	277	292
292	277	304
283	281	304
294	283	304
277	294	304
236	237	260
237	235	263
237	263	268
237	210	260
210	237	268
244	210	268
243	210	244
228	225	257
225	224	257
227	225	228
227	228	271
228	238	271
238	228	263
263	228	268
228	257	268
257	244	268
44	43	234
43	44	314
44	310	314
43	207	234
215	44	234
215	234	235
235	234	238
235	238	263
234	207	238
238	207	262
238	262	271
262	231	271
207	242	262
207	42	242
42	43	307
43	42	207
307	43	314
42	307	322
307	316	322
307	315	316
307	314	315
315	314	318
315	318	329
318	325	334
318	310	325
325	310	331
314	310	318
310	45	331
44	45	310
45	44	215
45	215	267
215	236	267
215	235	236
236	235	237
281	280	292
292	280	301
278	280	281
281	292	304
76	75	292
75	76	236
236	76	267
76	292	301
8	76	301
76	8	267
45	8	331
8	45	267
46	8	301
8	46	331
280	46	301
46	325	331
278	47	280
47	46	280
46	47	325
48	47	278
47	313	325
313	48	332
47	48	313
48	278	299
278	282	299
278	281	282
282	281	283
325	313	334
313	324	334
324	308	334
30	308	324
29	324	332
29	30	324
54	55	282
282	55	299
55	5	299
48	5	332
5	48	299
324	313	332
5	29	332
5	55	167
29	5	167
156	29	167
30	29	156
156	135	175
119	135	156
119	156	167
55	119	167
55	54	119
54	53	120
119	54	120
119	120	135
120	121	135
135	121	158
120	110	121
121	110	122
53	110	120
53	52	110
52	53	275
275	53	295
275	297	302
297	289	302
283	294	297
275	283	297
283	275	295
282	283	295
54	282	295
53	54	295
126	125	127
123	125	126
123	126	158
121	122	123
121	123	158
148	158	171
158	126	171
126	159	171
159	147	171
147	148	171
147	146	148
146	114	148
158	148	175
148	114	175
114	156	175
135	158	175
114	30	156
31	30	114
31	114	146
32	31	146
32	309	328
31	32	328
317	308	328
309	317	328
30	31	308
308	31	328
308	329	334
308	317	329
329	318	334
317	315	329
316	315	317
316	317	337
321	336	337
309	321	337
309	319	321
317	309	337
321	320	327
319	320	321
34	311	319
33	34	319
309	33	319
32	33	309
112	32	146
33	32	112
34	33	162
33	112	162
141	34	162
140	142	164
142	141	162
112	142	162
164	142	170
142	112	170
112	146	147
112	147	170
147	159	170
159	130	170
130	164	170
130	143	164
143	130	173
130	129	173
127	129	130
127	130	159
126	127	159
61	60	179
61	179	195
195	179	206
186	184	206
196	186	206
179	196	206
179	187	196
196	188	198
187	188	196
179	60	187
60	59	187
59	60	109
59	109	145
145	109	165
109	143	165
165	143	173
133	165	173
143	140	164
109	139	143
139	140	143
139	117	140
61	117	139
109	60	139
60	61	139
61	62	117
117	62	169
141	117	169
140	117	141
140	141	142
35	34	141
35	141	169
6	35	169
62	6	169
35	6	333
36	6	204
6	36	333
6	62	204
62	195	204
62	61	195
34	35	311
311	35	333
319	311	320
320	311	326
326	311	333
320	326	335
184	195	206
184	183	195
195	183	204
180	183	184
180	37	183
183	36	204
36	326	333
36	37	326
37	36	183
38	37	180
37	312	326
312	38	330
38	180	202
37	38	312
38	7	330
7	38	202
323	312	330
39	7	265
7	39	330
7	69	265
69	7	202
185	69	202
69	216	265
69	68	216
68	69	185
216	68	239
185	184	186
180	185	202
180	184	185
216	258	272
253	216	272
216	253	265
40	39	253
253	39	265
39	40	323
39	323	330
40	306	323
323	306	335
312	323	335
326	312	335
327	320	335
321	327	336
327	306	336
306	327	335
336	316	337
306	322	336
322	316	336
306	41	322
41	212	242
42	41	242
41	42	322
242	231	262
231	242	269
242	212	269
250	231	269
250	269	272
258	250	272
269	212	272
212	253	272
212	40	253
41	40	212
40	41	306
230	229	232
230	232	259
232	229	250
232	250	258
229	231	250
229	227	231
231	227	271
226	225	227
223	225	226
226	230	251
226	229	230
226	227	229
209	246	259
232	209	259
209	232	239
239	232	258
216	239	258
186	177	197
185	186	197
68	185	197
68	67	239
67	68	197
67	209	239
177	67	197
67	66	209
66	67	177
209	66	246
190	177	198
177	186	198
186	196	198
188	190	198
190	189	199
177	190	200
66	177	200
66	65	246
65	66	200
190	176	200
65	214	246
176	65	200
65	64	214
64	65	176
176	199	205
199	192	205
176	190	199
214	248	261
246	214	261
252	246	261
246	252	259
222	223	251
223	226	251
222	221	223
220	221	222
220	222	240
240	222	241
241	222	251
240	241	248
248	241	261
241	252	261
241	251	252
251	230	252
252	230	259
20	21	211
20	77	21
211	21	247
211	240	248
240	211	247
220	240	247
208	220	247
22	208	247
21	93	22
21	22	247
77	93	21
93	107	87
77	107	93
107	108	87
77	106	98
98	107	77
92	107	98
98	106	91
97	106	83
83	106	94
94	106	77
20	94	77
19	101	94
19	94	20
19	20	249
20	211	249
19	249	264
249	254	264
249	248	254
211	248	249
248	214	254
182	193	205
194	182	205
193	176	205
64	176	193
214	64	254
64	63	254
63	64	193
254	63	264
63	193	201
193	182	201
3	63	201
63	3	264
3	101	19
3	19	264
94	101	83
18	3	201
18	101	3
17	83	18
17	18	182
182	18	201
83	101	18
17	97	83
17	182	194
16	97	17
16	17	194
16	194	203
16	104	97
91	106	97
90	91	82
91	97	82
97	104	82
82	104	15
14	82	15
15	104	2
2	16	203
2	104	16
56	2	203
181	56	203
57	56	181
194	181	203
192	181	194
192	194	205
189	192	199
189	191	192
191	181	192
57	181	191
58	57	191
178	58	191
59	58	178
59	178	187
187	178	188
188	178	189
188	189	190
189	178	191
88	108	80
92	108	107
80	108	92
80	92	90
92	98	91
90	92	91
14	90	82
13	90	14
80	90	13
12	80	13
111	134	161
144	111	161
12	111	144
12	13	111
111	13	136
13	14	136
136	118	160
134	136	160
134	111	136
131	132	134
134	132	161
129	128	131
131	128	132
132	128	152
127	125	128
127	128	129
129	133	173
129	131	133
133	131	154
154	134	160
131	134	154
115	172	174
154	160	174
172	154	174
133	154	172
115	145	172
145	133	172
133	145	165
58	59	145
115	58	145
57	58	115
57	115	155
155	115	174
160	118	174
118	155	174
56	57	155
56	155	166
155	118	166
2	56	166
15	2	166
14	15	118
118	15	166
14	118	136
