1
192	380
-0.5	0.0	0.0
-0.5	0.0	1.0
0.0	0.0	1.0
0.0	0.0	0.0
-0.5	1.0	0.0
-0.5	1.0	1.0
0.0	1.0	1.0
0.0	1.0	0.0
-0.5	0.0	0.1666666666663218
-0.5	0.0	0.3333333333325029
-0.5	0.0	0.4999999999986942
-0.5	0.0	0.6666666666657899
-0.5	0.0	0.8333333333328949
-0.3333333333337485	0.0	1.0
-0.1666666666671051	0.0	1.0
0.0	0.0	0.8333333333331017
0.0	0.0	0.6666666666675913
0.0	0.0	0.5000000000020592
0.0	0.0	0.3333333333347197
0.0	0.0	0.1666666666673599
-0.16666666666620428	0.0	0.0
-0.3333333333326401	0.0	0.0
-0.5	1.0	0.1666666666663218
-0.5	1.0	0.3333333333325029
-0.5	1.0	0.4999999999986942
-0.5	1.0	0.6666666666657899
-0.5	1.0	0.8333333333328949
-0.3333333333337485	1.0	1.0
-0.1666666666671051	1.0	1.0
0.0	1.0	0.8333333333331017
0.0	1.0	0.6666666666675913
0.0	1.0	0.5000000000020592
0.0	1.0	0.3333333333347197
0.0	1.0	0.1666666666673599
-0.16666666666620428	1.0	0.0
-0.3333333333326401	1.0	0.0
-0.5	0.1666666666663218	0.0
-0.5	0.3333333333325029	0.0
-0.5	0.4999999999986942	0.0
-0.5	0.6666666666657899	0.0
-0.5	0.8333333333328949	0.0
-0.5	0.1666666666663218	1.0
-0.5	0.3333333333325029	1.0
-0.5	0.4999999999986942	1.0
-0.5	0.6666666666657899	1.0
-0.5	0.8333333333328949	1.0
0.0	0.1666666666663218	1.0
0.0	0.3333333333325029	1.0
0.0	0.4999999999986942	1.0
0.0	0.6666666666657899	1.0
0.0	0.8333333333328949	1.0
0.0	0.1666666666663218	0.0
0.0	0.3333333333325029	0.0
0.0	0.4999999999986942	0.0
0.0	0.6666666666657899	0.0
0.0	0.8333333333328949	0.0
-0.12758290745376222	0.0	0.749233318682745
-0.14433756729720648	0.0	0.4166666666683895
-0.2499999999999593	0.0	0.1563666820692418
-0.3556624327026136	0.0	0.583333333332242
-0.3556624327030097	0.0	0.4166666666655985
-0.3724170925460668	0.0	0.7492333186820921
-0.140254853105448	0.0	0.5833000710948419
-0.1277243392043234	0.0	0.2548742700117366
-0.3722756607959292	0.0	0.2548742700107636
-0.2500000000002154	0.0	0.8561293975766916
-0.2499999999988981	0.0	0.6666666666678633
-0.24999999999907008	0.0	0.5000000000013808
-0.25000000000049016	0.0	0.3337127944750626
-0.37799153207151803	0.0	0.1220084679282038
-0.12200846792768633	0.0	0.1220084679279961
-0.1211598774260445	0.0	0.878840122574012
-0.3788401225744618	0.0	0.8788401225742289
-0.5	0.5797429994424209	0.832554293016586
-0.5	0.5774318462589461	0.1587006338148569
-0.5	0.143551118310792	0.5819711637299791
-0.5	0.8508651158937737	0.5823730257250648
-0.5	0.2653042698421442	0.1509495412396307
-0.5	0.8486919098558521	0.2623742252839392
-0.5	0.2444948570943373	0.8570246023043264
-0.5	0.143420043479498	0.4178018080007029
-0.5	0.28839113912686	0.4999621619540175
-0.5	0.3022135546980175	0.6915391893516348
-0.5	0.4330127018914469	0.5833333333312153
-0.5	0.4329653693130474	0.4166603603242623
-0.5	0.5743994663660459	0.4999989489408719
-0.5	0.5773502691887096	0.6666666666638472
-0.5	0.5743328095552369	0.3363888904820139
-0.5	0.7258696540860385	0.4187894882451219
-0.5	0.4258960160381263	0.251279709339806
-0.5	0.8607386135250659	0.7553478405345799
-0.5	0.401590711830649	0.8503519556208952
-0.5	0.2825992851963176	0.3324710997450823
-0.5	0.7505700937546201	0.8636886363796377
-0.5	0.1365896778738224	0.7486799101409657
-0.5	0.7489285336822704	0.1374375424148716
-0.5	0.1367163526849468	0.2551007332358406
-0.5	0.8850853359671329	0.4193740145170646
-0.5	0.6868830780615857	0.5784008611301219
-0.5	0.6950509506876689	0.2627381560481607
-0.5	0.7176916949776959	0.7131718872416397
-0.5	0.4166666666655987	0.1116454968456831
-0.5	0.452108162661239	0.7220076636675707
-0.5	0.8779915320715334	0.8779915320715334
-0.5	0.1220084679278423	0.1220084679278423
-0.5	0.1220084679277092	0.8779915320720809
-0.5	0.8779915320720809	0.1220084679277092
-0.3556624327030097	0.4166666666655986	1.0
-0.3724170925462842	0.749233318681713	1.0
-0.2500000000002106	0.1563666820689724	1.0
-0.14433756729738628	0.583333333332242	1.0
-0.14433756729699032	0.4166666666655985	1.0
-0.1275829074539802	0.7492333186816733	1.0
-0.35974514689443937	0.5833000710926574	1.0
-0.1277243392042693	0.2548742700107182	1.0
-0.3722756607958772	0.2548742700106801	1.0
-0.25000000000032974	0.8561293975764704	1.0
-0.25	0.4999999999986692	1.0
-0.2500000000000653	0.6666666666654585	1.0
-0.2500000000000596	0.3332414259033728	1.0
-0.12200846792841458	0.1220084679282047	1.0
-0.3779915320720428	0.122008467927976	1.0
-0.12115987742600282	0.8788401225739974	1.0
-0.3788401225744688	0.8788401225742359	1.0
0.0	0.8556624327027218	0.4166666666681411
0.0	0.150842647608969	0.4184890431676929
0.0	0.5977876091177665	0.8506173125076427
0.0	0.5977876091175213	0.1493826874931945
0.0	0.1513080901440255	0.7376257747159785
0.0	0.858871325824756	0.7492937717869144
0.0	0.2477062749973538	0.1388379787973146
0.0	0.8588713258236131	0.2507062282145385
0.0	0.6975287124468637	0.307435353338931
0.0	0.7090255065795987	0.4956836700021359
0.0	0.5669872981090046	0.4166666666688204
0.0	0.5638129342172751	0.5777795531772322
0.0	0.4250635842228545	0.4990743699759462
0.0	0.4212660308645567	0.6600894341827865
0.0	0.4226497308120571	0.3333333333363592
0.0	0.2722221709521693	0.5800999919032748
0.0	0.4220429753558262	0.8308249698881572
0.0	0.4209213154059258	0.1681987915372704
0.0	0.8558140217522868	0.5824962402991329
0.0	0.6967684076373145	0.6910350462068958
0.0	0.7514051943308058	0.8611729007695287
0.0	0.1369493419814799	0.2471168955184743
0.0	0.7514957068078485	0.1386450039386763
0.0	0.2555622040073565	0.8607216437582962
0.0	0.1148745817410327	0.5805762952913194
0.0	0.3131019839193649	0.4215655857139594
0.0	0.3044802942647868	0.7338723628896986
0.0	0.2820285491208584	0.2879236046785119
0.0	0.5502404735825772	0.2790063509475008
0.0	0.5403355914385477	0.7220692631925427
0.0	0.1220084679277514	0.8779915320720942
0.0	0.8779915320721717	0.8779915320722271
0.0	0.8779915320713725	0.1220084679286958
0.0	0.1220084679276659	0.1220084679279441
-0.14433756729699032	0.4166666666655986	0.0
-0.1275829074536758	0.7492333186817307	0.0
-0.249999999999715	0.15636668206895	0.0
-0.3556624327026136	0.583333333332242	0.0
-0.3556624327030097	0.4166666666655985	0.0
-0.37241709254598176	0.7492333186816766	0.0
-0.1402548531055589	0.5833000710926582	0.0
-0.37227566079570706	0.2548742700107145	0.0
-0.1277243392040947	0.2548742700106629	0.0
-0.24999999999955658	0.8561293975764912	0.0
-0.2500000000000001	0.4999999999986692	0.0
-0.24999999999993472	0.6666666666654587	0.0
-0.2499999999999195	0.3332414259033656	0.0
-0.3779915320715181	0.1220084679282038	0.0
-0.12200846792786268	0.1220084679278942	0.0
-0.3788401225739197	0.8788401225739894	0.0
-0.12115987742544199	0.878840122574312	0.0
-0.12758290745376222	1.0	0.749233318682745
-0.14433756729720648	1.0	0.4166666666683895
-0.2499999999999593	1.0	0.1563666820692418
-0.3556624327026136	1.0	0.583333333332242
-0.3556624327030097	1.0	0.4166666666655985
-0.3724170925460668	1.0	0.7492333186820921
-0.140254853105448	1.0	0.5833000710948419
-0.1277243392043234	1.0	0.2548742700117366
-0.3722756607959292	1.0	0.2548742700107636
-0.2500000000002154	1.0	0.8561293975766916
-0.2499999999988981	1.0	0.6666666666678633
-0.24999999999907008	1.0	0.5000000000013808
-0.25000000000049016	1.0	0.3337127944750626
-0.37799153207151803	1.0	0.1220084679282038
-0.12200846792768633	1.0	0.1220084679279961
-0.1211598774260445	1.0	0.878840122574012
-0.3788401225744618	1.0	0.8788401225742289
9	97	105
1	9	105
37	1	105
78	37	105
97	78	105
93	78	97
38	37	78
38	78	102
39	38	102
75	39	102
90	75	102
78	90	102
90	78	93
85	90	93
85	88	90
85	84	86
82	84	85
82	85	93
81	93	97
9	10	97
10	81	97
10	11	81
11	76	81
81	82	93
81	76	82
11	61	60
10	61	11
10	65	61
9	65	10
65	69	61
61	69	68
61	68	60
163	169	171
163	162	169
39	162	163
38	39	163
38	163	166
37	38	166
166	163	171
161	166	171
166	161	172
37	166	172
1	37	172
22	70	1
22	1	172
1	70	9
9	70	65
65	70	59
59	69	65
59	70	22
161	22	172
21	59	22
21	22	161
21	71	59
21	161	173
4	21	173
4	71	21
20	71	4
20	4	158
52	4	173
4	52	158
167	52	173
52	131	158
52	53	131
167	161	171
161	167	173
146	131	152
131	146	158
146	20	158
19	20	146
64	71	20
59	71	64
64	69	59
58	69	64
68	69	58
63	68	58
18	63	58
18	58	19
18	19	126
18	126	149
140	126	150
150	126	152
126	146	152
126	19	146
58	64	19
19	64	20
139	142	153
142	139	152
139	150	152
135	137	139
139	137	150
131	142	152
159	167	171
53	52	167
131	53	142
159	53	167
54	53	159
53	54	142
54	159	165
165	159	169
169	159	171
165	169	170
54	128	142
54	55	128
55	54	165
160	55	165
128	55	147
56	55	160
160	165	170
133	128	147
128	133	153
142	128	153
135	136	137
135	134	136
133	134	135
133	135	153
135	139	153
33	34	183
34	33	132
177	33	183
33	125	132
132	125	133
133	125	134
134	125	143
125	32	143
33	32	125
32	33	177
32	177	182
182	177	187
187	177	188
177	183	188
183	178	188
178	183	190
183	34	190
34	132	157
132	147	157
132	133	147
160	168	175
168	160	170
55	56	147
147	56	157
56	160	175
56	8	157
8	56	175
8	34	157
34	8	190
8	35	190
35	8	175
168	35	175
35	178	190
36	35	168
35	36	178
178	36	189
36	168	174
168	164	174
164	168	170
178	184	188
184	178	189
23	184	189
164	41	174
41	5	174
5	36	174
36	5	189
5	23	189
5	41	107
23	5	107
79	23	107
79	96	100
96	79	107
41	96	107
41	40	96
40	75	96
96	75	100
88	75	90
40	39	75
39	40	162
169	162	170
162	164	170
40	41	164
162	40	164
88	86	89
85	86	88
75	88	100
88	89	100
89	86	99
89	77	98
89	79	100
79	89	98
24	23	79
24	79	98
25	24	98
24	25	180
25	179	180
23	24	184
24	180	184
184	180	188
180	179	187
180	187	188
179	186	187
179	181	186
179	26	181
26	27	181
25	26	179
77	25	98
26	25	77
26	77	91
91	77	101
77	99	101
77	89	99
99	87	101
74	87	103
87	74	101
86	84	87
86	87	99
109	45	114
46	45	109
109	114	119
114	118	119
45	44	114
44	45	74
74	94	101
74	45	94
45	46	94
94	46	104
91	94	104
94	91	101
27	26	91
27	91	104
6	27	104
46	6	104
27	6	192
6	28	192
28	6	124
6	46	124
46	109	124
181	27	192
185	181	192
181	185	186
117	109	119
109	117	124
117	28	124
28	185	192
28	29	185
29	28	117
185	29	191
29	117	123
7	29	123
29	7	191
7	30	191
30	7	156
51	7	123
7	51	156
113	51	123
51	145	156
51	50	145
113	117	119
117	113	123
144	130	145
145	130	156
130	30	156
30	176	191
176	185	191
185	176	186
176	182	186
186	182	187
31	32	182
32	31	143
134	143	144
143	130	144
31	130	143
176	31	182
31	30	130
30	31	176
138	136	154
136	144	154
136	134	144
127	141	154
144	127	154
127	144	145
111	113	119
50	51	113
50	127	145
111	50	113
49	50	111
50	49	127
127	49	141
118	111	119
112	118	120
112	111	118
49	111	112
49	48	141
48	49	112
48	112	115
141	48	148
47	48	115
48	47	148
115	112	120
141	148	151
137	136	138
137	140	150
137	138	140
140	138	151
138	141	151
141	138	154
16	57	17
16	17	129
57	63	17
129	17	149
129	140	151
140	129	149
126	140	149
17	18	149
17	63	18
67	68	63
57	67	63
66	67	57
57	72	66
16	72	57
16	129	155
129	148	155
148	129	151
115	110	121
110	115	120
148	47	155
47	115	121
47	3	155
3	47	121
3	16	155
3	72	16
15	72	3
15	3	121
110	15	121
66	72	15
14	15	110
14	66	15
14	110	122
14	73	66
62	67	66
66	73	62
62	73	13
13	73	2
2	14	122
2	73	14
42	2	122
116	42	122
110	116	122
116	110	120
108	116	120
43	42	116
108	43	116
44	43	108
44	108	114
114	108	118
118	108	120
60	68	67
60	67	62
12	62	13
60	62	12
11	60	12
82	76	83
11	12	76
76	12	95
12	13	95
83	76	95
82	83	84
87	84	103
84	83	103
83	80	92
83	92	103
92	74	103
44	74	92
43	44	92
80	43	92
80	83	95
80	95	106
42	43	80
42	80	106
2	42	106
13	2	106
95	13	106
